0.0 2.377
8.0 2.391
16.0 2.455
24.0 2.418
32.0 2.455
40.0 2.450
48.0 2.441
56.0 2.441
64.0 2.491
72.0 2.532
80.0 2.550
88.0 2.550
96.0 2.536
104.0 2.536
112.0 2.586
120.0 2.550
128.0 2.495
136.0 2.495
144.0 2.855
152.0 2.855
160.0 2.814
168.0 2.805
176.0 2.864
184.0 2.864
192.0 2.864
200.0 2.895
208.0 2.895
216.0 2.895
224.0 2.968
232.0 2.968
240.0 2.995
248.0 3.145
256.0 3.618
264.0 3.618
272.0 3.618
280.0 3.927
288.0 3.927
296.0 3.927
304.0 3.432
312.0 3.432
320.0 3.727
328.0 3.727
336.0 3.791
344.0 3.659
352.0 3.659
360.0 3.841
368.0 3.841
376.0 3.841
384.0 4.005
392.0 4.264
400.0 4.200
408.0 4.200
416.0 5.877
424.0 5.877
432.0 5.955
440.0 6.005
448.0 6.005
456.0 6.186
464.0 6.368
472.0 6.368
480.0 6.355
488.0 6.355
496.0 6.600
504.0 6.600
512.0 6.600
520.0 6.600
528.0 6.600
536.0 6.600
544.0 6.345
552.0 6.345
560.0 6.309
568.0 6.295
576.0 6.259
584.0 6.305
592.0 6.305
600.0 5.923
608.0 5.923
616.0 5.923
624.0 6.009
632.0 6.032
640.0 6.241
648.0 6.241
656.0 6.327
664.0 6.327
672.0 6.327
680.0 6.264
688.0 6.264
696.0 6.355
704.0 6.182
712.0 6.182
720.0 5.814
728.0 5.814
736.0 6.082
744.0 6.082
752.0 6.082
760.0 6.155
768.0 6.041
776.0 6.041
784.0 6.255
792.0 6.255
800.0 6.568
808.0 6.568
816.0 5.950
824.0 6.118
832.0 6.118
840.0 6.009
848.0 6.009
856.0 6.009
864.0 6.300
872.0 6.300
880.0 6.514
888.0 5.845
896.0 5.768
904.0 5.768
912.0 5.768
920.0 5.727
928.0 5.727
936.0 5.727
944.0 7.832
952.0 7.832
960.0 7.832
968.0 7.832
976.0 8.373
984.0 8.373
992.0 8.373
1000.0 8.332
1008.0 8.332
1016.0 8.123
1024.0 7.395
1032.0 7.573
1040.0 8.014
1048.0 8.014
1056.0 8.850
1064.0 8.850
1072.0 8.741
1080.0 8.564
1088.0 8.691
1096.0 8.691
1104.0 8.309
1112.0 8.309
1120.0 7.336
1128.0 7.336
1136.0 3.250
1144.0 3.414
1152.0 3.414
1160.0 5.232
1168.0 5.232
1176.0 5.232
1184.0 9.005
1192.0 9.377
1200.0 6.414
1208.0 6.414
1216.0 2.973
1224.0 2.973
1232.0 3.073
1240.0 3.073
1248.0 2.859
1256.0 2.859
1264.0 2.632
1272.0 2.632
1280.0 2.950
1288.0 3.709
1296.0 10.886
1304.0 10.886
1312.0 10.886
1320.0 11.218
1328.0 11.218
1336.0 11.218
1344.0 10.732
1352.0 11.382
1360.0 11.077
1368.0 11.077
1376.0 11.077
1384.0 11.077
1392.0 11.077
1400.0 11.573
1408.0 11.573
1416.0 11.105
1424.0 11.068
1432.0 11.068
1440.0 8.986
1448.0 8.986
1456.0 11.068
1464.0 11.068
1472.0 9.500
1480.0 11.659
1488.0 8.464
1496.0 8.464
1504.0 10.091
1512.0 10.091
1520.0 11.609
1528.0 11.609
1536.0 11.314
1544.0 11.232
1552.0 11.232
1560.0 9.391
1568.0 9.391
1576.0 9.391
1584.0 11.377
1592.0 11.314
1600.0 11.118
1608.0 9.755
1616.0 12.323
1624.0 12.323
1632.0 12.323
1640.0 11.536
1648.0 11.536
1656.0 11.536
1664.0 12.395
1672.0 12.159
1680.0 11.600
1688.0 11.600
1696.0 11.341
1704.0 11.341
1712.0 10.345
1720.0 10.077
1728.0 10.077
1736.0 10.077
1744.0 5.032
1752.0 5.032
1760.0 4.123
1768.0 4.123
1776.0 4.314
1784.0 4.264
1792.0 4.264
1800.0 4.159
1808.0 4.159
1816.0 4.159
1824.0 4.027
1832.0 3.664
1840.0 3.559
1848.0 3.559
1856.0 3.477
1864.0 3.477
1872.0 3.145
1880.0 3.173
1888.0 3.173
1896.0 3.173
1904.0 2.773
1912.0 2.773
1920.0 2.618
1928.0 2.618
1936.0 2.605
1944.0 2.605
1952.0 2.618
1960.0 2.618
1968.0 2.605
1976.0 2.605
1984.0 2.636
1992.0 2.636
2000.0 2.582
2008.0 2.627
2016.0 2.545
2024.0 2.545
2032.0 2.545
2040.0 2.577
2048.0 2.577
2056.0 2.586
2064.0 2.700
2072.0 2.700
2080.0 2.691
2088.0 2.691
2096.0 2.541
2104.0 2.541
2112.0 2.541
2120.0 2.514
2128.0 2.514
2136.0 2.464
2144.0 2.491
2152.0 2.491
2160.0 2.473
2168.0 2.473
2176.0 2.509
2184.0 2.914
2192.0 2.914
2200.0 2.714
2208.0 2.714
2216.0 2.714
2224.0 2.714
2232.0 2.714
2240.0 2.714
2248.0 2.714
2256.0 2.286
2264.0 2.286
2272.0 2.136
2280.0 2.136
2288.0 2.100
2296.0 2.100
2304.0 2.041
2312.0 2.032
2320.0 2.036
2328.0 2.036
2336.0 2.050
2344.0 2.050
2352.0 2.050
2360.0 1.945
2368.0 1.968
2376.0 1.968
2384.0 1.932
2392.0 1.932
2400.0 1.991
2408.0 2.009
2416.0 2.086
2424.0 2.086
2432.0 2.086
2440.0 2.245
2448.0 2.245
2456.0 2.395
2464.0 2.555
2472.0 2.555
2480.0 2.709
2488.0 8.973
2496.0 4.045
2504.0 3.332
2512.0 3.332
2520.0 2.395
2528.0 2.395
2536.0 2.395
2544.0 2.327
2552.0 2.327
2560.0 2.391
2568.0 2.391
2576.0 2.550
2584.0 2.618
2592.0 2.618
2600.0 2.814
2608.0 2.814
2616.0 2.814
2624.0 2.868
2632.0 3.127
2640.0 3.518
2648.0 3.518
2656.0 3.891
2664.0 4.005
2672.0 4.005
2680.0 4.055
2688.0 4.182
2696.0 4.491
2704.0 4.491
2712.0 4.700
2720.0 6.509
2728.0 6.509
2736.0 6.509
2744.0 12.036
2752.0 12.036
2760.0 4.277
2768.0 5.327
2776.0 8.818
2784.0 8.818
2792.0 11.559
2800.0 11.559
2808.0 11.332
2816.0 11.509
2824.0 11.509
2832.0 11.541
2840.0 11.541
2848.0 11.541
2856.0 3.100
2864.0 3.473
2872.0 3.995
2880.0 9.250
2888.0 9.250
2896.0 3.895
2904.0 3.895
2912.0 3.895
2920.0 2.795
2928.0 2.400
2936.0 2.023
2944.0 2.023
2952.0 1.964
2960.0 1.964
2968.0 1.964
2976.0 1.827
2984.0 1.827
2992.0 1.827
3000.0 1.805
3008.0 1.805
3016.0 1.750
3024.0 1.750
3032.0 1.668
3040.0 1.668
3048.0 1.709
3056.0 1.668
3064.0 1.664
3072.0 1.664
3080.0 1.605
3088.0 1.605
3096.0 1.655
3104.0 1.650
3112.0 1.636
3120.0 1.636
3128.0 1.636
3136.0 1.650
3144.0 1.650
3152.0 1.659
3160.0 1.732
3168.0 1.732
3176.0 1.723
3184.0 1.736
3192.0 1.732
3200.0 1.732
3208.0 1.732
3216.0 1.773
3224.0 1.773
3232.0 1.741
3240.0 1.650
3248.0 1.650
3256.0 1.818
3264.0 1.818
3272.0 1.914
3280.0 1.945
3288.0 1.945
3296.0 1.932
3304.0 1.932
3312.0 1.932
3320.0 2.795
3328.0 2.795
3336.0 2.077
3344.0 2.077
3352.0 2.077
3360.0 2.627
3368.0 2.627
3376.0 2.755
3384.0 2.755
3392.0 2.755
3400.0 2.255
3408.0 1.959
3416.0 1.805
3424.0 1.805
3432.0 1.855
3440.0 1.855
3448.0 1.827
3456.0 1.777
3464.0 1.805
3472.0 1.805
3480.0 1.805
3488.0 1.764
3496.0 1.727
3504.0 1.727
3512.0 1.723
3520.0 1.723
3528.0 1.705
3536.0 1.682
3544.0 1.677
3552.0 1.677
3560.0 1.664
3568.0 1.664
3576.0 1.682
3584.0 1.682
3592.0 1.691
3600.0 1.691
3608.0 1.691
3616.0 1.709
3624.0 1.709
3632.0 1.686
3640.0 1.727
3648.0 1.727
3656.0 1.741
3664.0 1.741
3672.0 1.795
3680.0 1.795
3688.0 1.795
3696.0 1.836
3704.0 1.836
3712.0 1.841
3720.0 1.886
3728.0 1.886
3736.0 1.941
3744.0 1.941
3752.0 2.050
3760.0 2.050
3768.0 2.050
3776.0 2.132
3784.0 2.132
3792.0 2.132
3800.0 2.205
3808.0 2.264
3816.0 2.255
3824.0 2.255
3832.0 2.309
3840.0 2.309
3848.0 2.318
3856.0 2.291
3864.0 2.327
3872.0 2.327
3880.0 2.268
3888.0 2.200
3896.0 2.177
3904.0 2.123
3912.0 2.073
3920.0 2.073
3928.0 2.082
3936.0 2.027
3944.0 2.000
3952.0 2.000
3960.0 1.909
3968.0 1.909
3976.0 1.895
3984.0 1.882
3992.0 1.873
4000.0 1.873
4008.0 1.873
4016.0 1.814
4024.0 1.814
4032.0 1.818
4040.0 1.782
4048.0 1.782
4056.0 1.768
4064.0 1.768
4072.0 1.709
4080.0 1.709
4088.0 1.709
4096.0 1.700
4104.0 1.700
4112.0 1.686
4120.0 1.705
4128.0 1.705
4136.0 1.714
4144.0 1.714
4152.0 1.705
4160.0 1.677
4168.0 1.677
4176.0 1.636
4184.0 1.636
4192.0 1.636
4200.0 1.577
4208.0 1.555
4216.0 1.532
4224.0 1.532
4232.0 1.473
4240.0 1.432
4248.0 1.432
4256.0 1.395
4264.0 1.395
4272.0 1.395
4280.0 1.350
4288.0 0.955
4296.0 1.000
4304.0 1.000
4312.0 9.109
4320.0 9.109
4328.0 9.109
4336.0 9.214
4344.0 9.214
4352.0 9.118
4360.0 9.045
4368.0 9.045
4376.0 9.450
4384.0 9.450
4392.0 9.386
4400.0 9.386
4408.0 9.314
4416.0 9.445
4424.0 9.277
4432.0 9.277
4440.0 9.309
4448.0 9.309
4456.0 9.500
4464.0 9.400
4472.0 9.368
4480.0 9.218
4488.0 9.218
4496.0 9.282
4504.0 9.282
4512.0 9.282
4520.0 9.414
4528.0 9.355
4536.0 9.368
4544.0 9.368
4552.0 9.368
4560.0 9.368
4568.0 9.368
4576.0 9.277
4584.0 9.277
4592.0 9.368
4600.0 9.268
4608.0 9.268
4616.0 9.582
4624.0 9.582
4632.0 9.445
4640.0 9.445
4648.0 9.445
4656.0 9.445
4664.0 9.591
4672.0 9.591
4680.0 9.414
4688.0 9.414
4696.0 9.441
4704.0 9.441
4712.0 0.995
4720.0 0.995
4728.0 0.995
4736.0 0.995
4744.0 0.995
4752.0 0.986
4760.0 0.964
4768.0 0.964
4776.0 0.955
4784.0 0.955
4792.0 0.964
4800.0 0.964
4808.0 0.964
4816.0 0.982
4824.0 0.982
4832.0 0.982
4840.0 1.000
4848.0 0.986
4856.0 1.041
4864.0 1.041
4872.0 1.059
4880.0 1.059
4888.0 13.650
4896.0 13.200
4904.0 13.227
4912.0 13.227
4920.0 12.964
4928.0 12.964
4936.0 12.564
4944.0 12.577
4952.0 12.686
4960.0 12.555
4968.0 12.555
4976.0 12.723
4984.0 12.723
4992.0 12.723
5000.0 12.382
5008.0 12.382
5016.0 12.091
5024.0 12.091
5032.0 12.023
5040.0 12.023
5048.0 12.023
5056.0 1.573
5064.0 1.586
5072.0 1.586
5080.0 1.673
5088.0 1.673
5096.0 1.764
5104.0 1.814
5112.0 1.927
5120.0 1.927
5128.0 1.995
5136.0 2.023
5144.0 2.023
5152.0 2.145
5160.0 2.227
5168.0 2.386
5176.0 2.386
5184.0 2.436
5192.0 2.436
5200.0 2.486
5208.0 2.591
5216.0 2.609
5224.0 2.609
5232.0 2.627
5240.0 2.627
5248.0 2.686
5256.0 2.736
5264.0 2.736
5272.0 2.736
5280.0 2.700
5288.0 2.700
5296.0 2.773
5304.0 2.773
5312.0 2.795
5320.0 2.795
5328.0 2.782
5336.0 2.818
5344.0 2.814
5352.0 2.814
5360.0 2.936
5368.0 2.936
5376.0 3.023
5384.0 3.045
5392.0 3.114
5400.0 3.114
5408.0 3.114
5416.0 3.123
5424.0 3.109
5432.0 3.109
5440.0 3.118
5448.0 3.118
5456.0 3.214
5464.0 3.214
5472.0 3.359
5480.0 3.359
5488.0 3.359
5496.0 3.468
5504.0 3.468
5512.0 3.595
5520.0 3.736
5528.0 3.736
5536.0 4.259
5544.0 4.259
5552.0 5.314
5560.0 5.877
5568.0 5.877
5576.0 5.877
5584.0 6.823
5592.0 6.823
5600.0 4.195
5608.0 4.036
5616.0 3.809
5624.0 3.809
5632.0 3.732
5640.0 3.732
5648.0 3.659
5656.0 3.659
5664.0 3.695
5672.0 3.695
5680.0 3.745
5688.0 3.745
5696.0 3.314
5704.0 3.314
5712.0 3.150
5720.0 3.150
5728.0 3.150
5736.0 3.018
5744.0 3.018
5752.0 3.000
5760.0 2.791
5768.0 2.791
5776.0 2.786
5784.0 2.786
5792.0 2.741
5800.0 2.741
5808.0 2.741
5816.0 2.595
5824.0 2.595
5832.0 2.559
5840.0 2.459
5848.0 2.459
5856.0 2.436
5864.0 2.436
5872.0 2.382
5880.0 2.368
5888.0 2.368
5896.0 2.382
5904.0 2.382
5912.0 2.382
5920.0 2.395
5928.0 2.395
5936.0 2.477
5944.0 2.477
5952.0 2.482
5960.0 2.482
5968.0 2.455
5976.0 2.455
5984.0 2.455
5992.0 2.455
6000.0 2.418
6008.0 2.418
6016.0 2.373
6024.0 2.373
6032.0 2.309
6040.0 2.309
6048.0 2.268
6056.0 2.241
6064.0 2.241
6072.0 2.241
6080.0 2.173
6088.0 2.173
6096.0 2.073
6104.0 2.068
6112.0 2.077
6120.0 2.077
6128.0 2.077
6136.0 2.050
6144.0 2.050
6152.0 2.064
6160.0 2.018
6168.0 2.018
6176.0 2.027
6184.0 2.027
6192.0 2.045
6200.0 2.045
6208.0 2.045
6216.0 2.036
6224.0 2.036
6232.0 2.014
6240.0 1.991
6248.0 1.991
6256.0 1.936
6264.0 1.936
6272.0 1.964
6280.0 1.927
6288.0 1.927
6296.0 1.845
6304.0 1.845
6312.0 1.845
6320.0 1.795
6328.0 1.795
6336.0 1.782
6344.0 1.782
6352.0 1.755
6360.0 1.755
6368.0 1.755
6376.0 1.755
6384.0 1.755
6392.0 1.755
6400.0 1.773
6408.0 1.773
6416.0 1.773
6424.0 1.773
6432.0 1.782
6440.0 1.782
6448.0 1.814
6456.0 1.714
6464.0 1.714
6472.0 1.714
6480.0 1.627
6488.0 1.573
6496.0 1.473
6504.0 1.473
6512.0 1.391
6520.0 1.391
6528.0 1.345
6536.0 1.291
6544.0 1.291
6552.0 1.291
6560.0 1.195
6568.0 1.195
6576.0 1.155
6584.0 1.136
6592.0 1.123
6600.0 1.123
6608.0 1.123
6616.0 1.136
6624.0 1.136
6632.0 1.136
6640.0 1.141
6648.0 1.141
6656.0 1.105
6664.0 1.091
6672.0 1.100
6680.0 1.100
6688.0 1.100
6696.0 1.064
6704.0 1.064
6712.0 1.064
6720.0 1.064
6728.0 1.064
6736.0 1.059
6744.0 1.059
6752.0 1.091
6760.0 1.068
6768.0 1.068
6776.0 1.100
6784.0 1.100
6792.0 1.100
6800.0 1.100
6808.0 1.136
6816.0 1.145
6824.0 1.145
6832.0 1.200
6840.0 1.186
6848.0 1.186
6856.0 1.195
6864.0 1.195
6872.0 1.195
6880.0 1.214
6888.0 1.214
6896.0 1.173
6904.0 1.173
6912.0 1.168
6920.0 1.168
6928.0 1.159
6936.0 1.136
6944.0 1.136
6952.0 1.136
6960.0 1.118
6968.0 1.118
6976.0 1.073
6984.0 1.073
6992.0 1.068
7000.0 1.068
7008.0 1.068
7016.0 1.032
7024.0 1.005
7032.0 1.005
7040.0 1.355
7048.0 1.355
7056.0 1.327
7064.0 1.345
7072.0 1.327
7080.0 1.327
7088.0 1.327
7096.0 1.318
7104.0 1.318
7112.0 1.327
7120.0 1.300
7128.0 1.300
7136.0 1.314
7144.0 1.314
7152.0 1.295
7160.0 1.259
7168.0 1.259
7176.0 1.286
7184.0 1.286
7192.0 1.273
7200.0 1.245
7208.0 1.255
7216.0 1.227
7224.0 1.227
7232.0 1.164
7240.0 1.145
7248.0 1.145
7256.0 1.132
7264.0 1.132
7272.0 1.132
7280.0 1.132
7288.0 1.136
7296.0 1.159
7304.0 1.159
7312.0 1.145
7320.0 1.145
7328.0 1.145
7336.0 1.145
7344.0 1.150
7352.0 1.150
7360.0 1.136
7368.0 1.136
7376.0 1.145
7384.0 1.145
7392.0 1.132
7400.0 1.132
7408.0 1.164
7416.0 1.150
7424.0 1.164
7432.0 1.164
7440.0 1.164
7448.0 1.164
7456.0 1.168
7464.0 1.191
7472.0 1.186
7480.0 1.186
7488.0 1.186
7496.0 1.168
7504.0 1.168
7512.0 1.168
7520.0 1.168
7528.0 1.168
7536.0 1.164
7544.0 1.164
7552.0 1.164
7560.0 1.164
7568.0 1.164
7576.0 1.177
7584.0 1.177
7592.0 1.150
7600.0 1.164
7608.0 1.164
7616.0 1.159
7624.0 1.159
7632.0 1.173
7640.0 1.159
7648.0 1.159
7656.0 1.186
7664.0 1.186
7672.0 1.186
7680.0 1.173
7688.0 1.173
7696.0 1.164
7704.0 1.164
7712.0 1.159
7720.0 1.159
7728.0 1.186
7736.0 1.164
7744.0 1.164
7752.0 1.164
7760.0 1.159
7768.0 1.159
7776.0 1.159
7784.0 1.159
7792.0 1.164
7800.0 1.164
7808.0 1.168
7816.0 1.168
7824.0 1.241
7832.0 1.241
7840.0 1.214
7848.0 1.214
7856.0 1.214
7864.0 1.218
7872.0 1.241
7880.0 1.241
7888.0 1.205
7896.0 1.227
7904.0 1.227
7912.0 1.227
7920.0 1.223
7928.0 1.223
7936.0 1.200
7944.0 1.205
7952.0 1.195
7960.0 1.195
7968.0 1.195
7976.0 1.195
7984.0 1.195
7992.0 1.227
